timestamp,method,requestId,url,mimeType,dataLength,encodedDataLength,param-timestamp,protocol
1465308012942,Network.responseReceived,30590.1,,text/plain,,,11830.694452,data
1465308012942,Network.loadingFinished,30590.1,,,,0,11830.694492,
1465308012946,Page.loadEventFired,,,,,,11830.724812,
1465308012949,Page.domContentEventFired,,,,,,11830.724897,
1465308013572,Network.requestWillBeSent,30615.1,www.apple.com.this,,,,11830.790179,
1465308013573,Network.responseReceived,30615.1,,text/html,,,11831.353928,h2
1465308013588,Network.dataReceived,30615.1,,,24576,4575,11831.354317,
1465308013589,Network.loadingFinished,30615.1,,,,4575,11831.353562,
1465308013597,Network.requestWillBeSent,30615.2,www.apple.com.this,,,,11831.380621,
1465308013597,Network.requestWillBeSent,30615.3,www.apple.com.this,,,,11831.380773,
1465308013597,Network.requestWillBeSent,30615.4,www.apple.com.this,,,,11831.380897,
1465308013597,Network.requestWillBeSent,30615.5,www.apple.com.this,,,,11831.381013,
1465308013597,Network.requestWillBeSent,30615.6,images.apple.com.this,,,,11831.381129,
1465308013597,Network.requestWillBeSent,30615.7,images.apple.com.this,,,,11831.381245,
1465308013598,Network.requestWillBeSent,30615.8,www.apple.com.this,,,,11831.381358,
1465308013598,Network.requestWillBeSent,30615.9,images.apple.com.this,,,,11831.381456,
1465308013598,Network.requestWillBeSent,30615.10,www.apple.com.this,,,,11831.381552,
1465308013777,Network.responseReceived,30615.6,,text/css,,,11831.56264,h2
1465308013778,Network.responseReceived,30615.7,,application/x-javascript,,,11831.563157,h2
1465308013778,Network.dataReceived,30615.6,,,20774,4238,11831.564808,
1465308013790,Network.dataReceived,30615.7,,,32768,17056,11831.576753,
1465308013790,Network.dataReceived,30615.7,,,23872,0,11831.577035,
1465308013948,Network.dataReceived,30615.6,,,32768,5603,11831.732739,
1465308013948,Network.dataReceived,30615.6,,,29478,0,11831.732886,
1465308013954,Network.loadingFinished,30615.6,,,,9841,11831.732812,
1465308013955,Network.dataReceived,30615.7,,,4764,1494,11831.740844,
1465308013955,Network.loadingFinished,30615.7,,,,18550,11831.733312,
1465308013955,Network.responseReceived,30615.9,,application/x-javascript,,,11831.741331,h2
1465308013956,Network.dataReceived,30615.9,,,13774,4265,11831.741812,
1465308013978,Network.responseReceived,30615.10,,application/x-javascript,,,11831.762658,h2
1465308013979,Network.responseReceived,30615.5,,text/css,,,11831.762988,h2
1465308013979,Network.responseReceived,30615.3,,text/css,,,11831.763236,h2
1465308013980,Network.responseReceived,30615.4,,text/css,,,11831.76345,h2
1465308013981,Network.responseReceived,30615.2,,text/css,,,11831.763907,h2
1465308013981,Network.responseReceived,30615.8,,application/x-javascript,,,11831.764181,h2
1465308013981,Network.dataReceived,30615.5,,,9434,652,11831.764337,
1465308013981,Network.loadingFinished,30615.5,,,,652,11831.764219,
1465308013982,Network.dataReceived,30615.3,,,32768,4186,11831.766909,
1465308013982,Network.dataReceived,30615.3,,,2522,0,11831.76698,
1465308013982,Network.dataReceived,30615.8,,,8576,3125,11831.767065,
1465308013982,Network.dataReceived,30615.9,,,32768,20965,11831.76754,
1465308013982,Network.dataReceived,30615.9,,,31550,0,11831.767912,
1465308014115,Network.dataReceived,30615.4,,,29526,4163,11831.901805,
1465308014117,Network.dataReceived,30615.8,,,32768,13344,11831.903189,
1465308014118,Network.dataReceived,30615.8,,,19608,0,11831.904094,
1465308014130,Network.dataReceived,30615.10,,,13985,4186,11831.914348,
1465308014130,Network.dataReceived,30615.8,,,32768,16393,11831.915906,
1465308014130,Network.dataReceived,30615.8,,,19853,0,11831.91637,
1465308014155,Network.dataReceived,30615.2,,,31573,4186,11831.941359,
1465308014155,Network.dataReceived,30615.4,,,32768,4733,11831.941888,
1465308014156,Network.dataReceived,30615.4,,,25101,0,11831.94201,
1465308014161,Network.dataReceived,30615.8,,,30148,7373,11831.947284,
1465308014161,Network.dataReceived,30615.9,,,32768,16393,11831.947808,
1465308014161,Network.dataReceived,30615.9,,,13859,0,11831.948032,
1465308014165,Network.dataReceived,30615.3,,,20868,2176,11831.951165,
1465308014171,Network.loadingFinished,30615.3,,,,6362,11831.951123,
1465308014171,Network.dataReceived,30615.10,,,12591,3606,11831.957245,
1465308014171,Network.loadingFinished,30615.10,,,,7792,11831.951722,
1465308014181,Network.loadingFinished,30615.4,,,,8905,11831.952342,
1465308014181,Network.loadingFinished,30615.8,,,,40244,11831.952574,
1465308014181,Network.dataReceived,30615.2,,,32768,5366,11831.96734,
1465308014181,Network.dataReceived,30615.9,,,32768,13993,11831.967681,
1465308014182,Network.dataReceived,30615.2,,,20334,0,11831.968209,
1465308014188,Network.loadingFinished,30615.2,,,,9552,11831.954141,
1465308014188,Network.dataReceived,30615.9,,,13229,0,11831.975008,
1465308014257,Network.requestWillBeSent,30615.51,www.apple.com.this,,,,11832.017287,
1465308014257,Network.requestWillBeSent,30615.43,www.apple.com.this,,,,11832.018912,
1465308014257,Network.requestWillBeSent,30615.52,www.apple.com.this,,,,11832.01921,
1465308014257,Network.requestWillBeSent,30615.53,www.apple.com.this,,,,11832.019504,
1465308014258,Network.requestWillBeSent,30615.54,www.apple.com.this,,,,11832.019755,
1465308014258,Network.requestWillBeSent,30615.55,www.apple.com.this,,,,11832.020021,
1465308014258,Network.requestWillBeSent,30615.56,www.apple.com.this,,,,11832.020259,
1465308014258,Network.requestWillBeSent,30615.57,www.apple.com.this,,,,11832.020488,
1465308014258,Network.requestWillBeSent,30615.58,www.apple.com.this,,,,11832.020699,
1465308014258,Network.requestWillBeSent,30615.59,www.apple.com.this,,,,11832.020909,
1465308014258,Network.requestWillBeSent,30615.60,www.apple.com.this,,,,11832.021135,
1465308014335,Network.requestWillBeSent,30615.61,www.apple.com.this,,,,11832.119093,
1465308014337,Network.dataReceived,30615.9,,,32768,16393,11832.122143,
1465308014337,Network.dataReceived,30615.9,,,23417,0,11832.12237,
1465308014337,Network.dataReceived,30615.9,,,32768,16969,11832.122453,
1465308014337,Network.dataReceived,30615.9,,,27989,0,11832.122529,
1465308014337,Network.loadingFinished,30615.9,,,,88978,11832.090332,
1465308014455,Network.responseReceived,30615.43,,application/font-woff,,,11832.241666,quic/1+spdy/3
1465308014455,Network.dataReceived,30615.43,,,5120,5346,11832.24182,
1465308014455,Network.dataReceived,30615.43,,,3993,3993,11832.241885,
1465308014455,Network.dataReceived,30615.43,,,1331,1331,11832.241931,
1465308014456,Network.dataReceived,30615.43,,,1331,1331,11832.241978,
1465308014456,Network.dataReceived,30615.43,,,1331,1331,11832.242617,
1465308014456,Network.dataReceived,30615.43,,,1331,1331,11832.242691,
1465308014457,Network.responseReceived,30615.54,,image/svg+xml,,,11832.243164,quic/1+spdy/3
1465308014457,Network.dataReceived,30615.43,,,2495,2495,11832.243288,
1465308014458,Network.responseReceived,30615.53,,image/svg+xml,,,11832.244071,quic/1+spdy/3
1465308014459,Network.responseReceived,30615.60,,image/svg+xml,,,11832.244763,quic/1+spdy/3
1465308014459,Network.responseReceived,30615.56,,image/svg+xml,,,11832.245327,quic/1+spdy/3
1465308014459,Network.dataReceived,30615.43,,,1029,1029,11832.245437,
1465308014459,Network.responseReceived,30615.52,,image/svg+xml,,,11832.245581,quic/1+spdy/3
1465308014460,Network.responseReceived,30615.58,,image/svg+xml,,,11832.245776,quic/1+spdy/3
1465308014460,Network.dataReceived,30615.43,,,2371,2371,11832.245877,
1465308014460,Network.responseReceived,30615.59,,image/svg+xml,,,11832.246036,quic/1+spdy/3
1465308014471,Network.requestWillBeSent,30615.35,www.apple.com.this,,,,11832.254028,
1465308014478,Network.requestWillBeSent,30615.62,images.apple.com,,,,11832.256674,
1465308014478,Network.requestWillBeSent,30615.21,www.apple.com.this,,,,11832.259854,
1465308014478,Network.requestWillBeSent,30615.25,www.apple.com.this,,,,11832.262962,
1465308014527,Network.requestWillBeSent,30615.63,images.apple.com,,,,11832.264204,
1465308014528,Network.responseReceived,30615.57,,image/svg+xml,,,11832.310394,quic/1+spdy/3
1465308014528,Network.responseReceived,30615.55,,image/svg+xml,,,11832.311462,quic/1+spdy/3
1465308014528,Network.dataReceived,30615.43,,,2529,2529,11832.311641,
1465308014528,Network.dataReceived,30615.43,,,2662,2662,11832.311713,
1465308014528,Network.dataReceived,30615.43,,,1331,1331,11832.311746,
1465308014528,Network.dataReceived,30615.43,,,1331,1331,11832.311768,
1465308014528,Network.dataReceived,30615.43,,,1331,1331,11832.311799,
1465308014528,Network.dataReceived,30615.43,,,1331,1331,11832.31182,
1465308014548,Page.domContentEventFired,,,,,,11832.334568,
1465308014548,Network.dataReceived,30615.43,,,1331,1331,11832.33489,
1465308014549,Network.responseReceived,30615.51,,image/svg+xml,,,11832.335093,quic/1+spdy/3
1465308014549,Network.dataReceived,30615.43,,,1251,1251,11832.335238,
1465308014549,Network.dataReceived,30615.43,,,1331,1331,11832.335306,
1465308014549,Network.dataReceived,30615.43,,,1331,1331,11832.335359,
1465308014549,Network.dataReceived,30615.43,,,3993,3993,11832.335408,
1465308014551,Network.dataReceived,30615.43,,,2662,2662,11832.335466,
1465308014551,Network.dataReceived,30615.43,,,1331,1331,11832.335516,
1465308014551,Network.dataReceived,30615.43,,,1331,1331,11832.335556,
1465308014553,Network.responseReceived,30615.62,,image/png,,,11832.336444,http/1.1
1465308014553,Network.dataReceived,30615.62,,,582,1028,11832.33666,
1465308014554,Network.loadingFinished,30615.62,,,,1028,11832.330658,
1465308014576,Network.responseReceived,30615.63,,image/jpeg,,,11832.362474,http/1.1
1465308014576,Network.dataReceived,30615.63,,,1017,1398,11832.362668,
1465308014577,Network.dataReceived,30615.63,,,4194,4194,11832.362768,
1465308014577,Network.dataReceived,30615.63,,,1398,1398,11832.364109,
1465308014577,Network.dataReceived,30615.63,,,1398,1398,11832.364174,
1465308014578,Network.dataReceived,30615.63,,,1398,1398,11832.364229,
1465308014578,Network.dataReceived,30615.63,,,1398,1398,11832.364287,
1465308014578,Network.dataReceived,30615.63,,,1398,1398,11832.36434,
1465308014578,Network.dataReceived,30615.63,,,1398,1398,11832.364386,
1465308014578,Network.dataReceived,30615.63,,,1398,1398,11832.364639,
1465308014578,Network.dataReceived,30615.63,,,1398,1398,11832.364682,
1465308014607,Network.responseReceived,30615.61,,application/json,,,11832.393475,quic/1+spdy/3
1465308014607,Network.dataReceived,30615.61,,,74,351,11832.393629,
1465308014612,Network.loadingFinished,30615.61,,,,351,11832.392946,
1465308014612,Network.dataReceived,30615.43,,,4957,4957,11832.39896,
1465308014612,Network.dataReceived,30615.43,,,2662,2662,11832.399043,
1465308014615,Network.dataReceived,30615.43,,,1331,1331,11832.401828,
1465308014615,Network.dataReceived,30615.43,,,1325,1325,11832.401883,
1465308014615,Network.dataReceived,30615.43,,,1331,1331,11832.402114,
1465308014625,Network.dataReceived,30615.63,,,1398,1398,11832.411967,
1465308014625,Network.dataReceived,30615.63,,,1398,1398,11832.412134,
1465308014627,Network.dataReceived,30615.63,,,1398,1398,11832.412908,
1465308014627,Network.dataReceived,30615.63,,,1398,1398,11832.413002,
1465308014628,Network.dataReceived,30615.63,,,1398,1398,11832.413095,
1465308014628,Network.dataReceived,30615.63,,,1398,1398,11832.413151,
1465308014628,Network.dataReceived,30615.43,,,1331,1331,11832.41345,
1465308014628,Network.dataReceived,30615.43,,,3993,3993,11832.414698,
1465308014631,Network.dataReceived,30615.63,,,1398,1398,11832.417588,
1465308014633,Network.dataReceived,30615.63,,,1398,1398,11832.419494,
1465308014640,Network.dataReceived,30615.63,,,1398,1398,11832.423853,
1465308014641,Network.dataReceived,30615.63,,,1398,1398,11832.423964,
1465308014643,Network.dataReceived,30615.63,,,2796,2796,11832.42421,
1465308014643,Network.dataReceived,30615.63,,,1398,1398,11832.424406,
1465308014643,Network.dataReceived,30615.63,,,1398,1398,11832.424638,
1465308014643,Network.dataReceived,30615.63,,,1398,1398,11832.424838,
1465308014643,Network.dataReceived,30615.63,,,1398,1398,11832.42503,
1465308014643,Network.dataReceived,30615.63,,,1398,1398,11832.425215,
1465308014643,Network.dataReceived,30615.63,,,1398,1398,11832.425417,
1465308014643,Network.dataReceived,30615.63,,,1398,1398,11832.425808,
1465308014643,Network.dataReceived,30615.63,,,1398,1398,11832.425884,
1465308014644,Network.dataReceived,30615.63,,,1398,1398,11832.426149,
1465308014644,Network.dataReceived,30615.63,,,1398,1398,11832.426355,
1465308014644,Network.dataReceived,30615.63,,,1398,1398,11832.426553,
1465308014644,Network.dataReceived,30615.63,,,1398,1398,11832.426747,
1465308014646,Network.dataReceived,30615.43,,,2662,2662,11832.428762,
1465308014646,Network.dataReceived,30615.43,,,2661,2661,11832.430134,
1465308014646,Network.dataReceived,30615.43,,,1330,1330,11832.430224,
1465308014646,Network.dataReceived,30615.43,,,1323,1323,11832.430263,
1465308014649,Network.dataReceived,30615.43,,,17217,17217,11832.434374,
1465308014659,Network.responseReceived,30615.35,,application/font-woff,,,11832.445068,quic/1+spdy/3
1465308014659,Network.dataReceived,30615.35,,,3989,4067,11832.445815,
1465308014659,Network.dataReceived,30615.43,,,1246,1246,11832.445898,
1465308014660,Network.responseReceived,30615.21,,application/font-woff,,,11832.446213,quic/1+spdy/3
1465308014660,Network.dataReceived,30615.35,,,7865,7865,11832.446359,
1465308014665,Network.dataReceived,30615.63,,,1398,1398,11832.451788,
1465308014665,Network.dataReceived,30615.63,,,1398,1398,11832.451904,
1465308014666,Network.dataReceived,30615.63,,,1398,1398,11832.452163,
1465308014666,Network.dataReceived,30615.63,,,1398,1398,11832.452442,
1465308014669,Network.dataReceived,30615.63,,,1398,1398,11832.452851,
1465308014669,Network.dataReceived,30615.63,,,1398,1398,11832.453145,
1465308014672,Network.dataReceived,30615.35,,,5323,5323,11832.455623,
1465308014675,Network.dataReceived,30615.63,,,8388,8388,11832.459125,
1465308014675,Network.dataReceived,30615.43,,,2658,2658,11832.459202,
1465308014682,Network.dataReceived,30615.63,,,1398,1398,11832.468778,
1465308014683,Network.dataReceived,30615.63,,,1398,1398,11832.469168,
1465308014683,Network.dataReceived,30615.63,,,1398,1398,11832.469247,
1465308014683,Network.dataReceived,30615.63,,,1398,1398,11832.469567,
1465308014683,Network.dataReceived,30615.43,,,1329,1329,11832.469629,
1465308014684,Network.dataReceived,30615.43,,,2658,2658,11832.469991,
1465308014684,Network.dataReceived,30615.43,,,1329,1329,11832.470269,
1465308014684,Network.dataReceived,30615.43,,,1021,1021,11832.470325,
1465308014690,Network.loadingFinished,30615.43,,,,97998,11832.470302,
1465308014690,Network.dataReceived,30615.21,,,297,398,11832.475041,
1465308014690,Network.dataReceived,30615.21,,,2660,2660,11832.475104,
1465308014690,Network.dataReceived,30615.63,,,1398,1398,11832.475148,
1465308014690,Network.dataReceived,30615.63,,,1398,1398,11832.475209,
1465308014690,Network.dataReceived,30615.63,,,1398,1398,11832.4755,
1465308014709,Network.dataReceived,30615.63,,,2796,2796,11832.495464,
1465308014709,Network.dataReceived,30615.63,,,1398,1398,11832.495554,
1465308014709,Network.dataReceived,30615.63,,,1398,1398,11832.495615,
1465308014709,Network.dataReceived,30615.63,,,1398,1398,11832.495672,
1465308014710,Network.responseReceived,30615.25,,application/font-woff,,,11832.496095,quic/1+spdy/3
1465308014710,Network.dataReceived,30615.21,,,6537,6537,11832.496349,
1465308014710,Network.dataReceived,30615.63,,,1398,1398,11832.49642,
1465308014710,Network.dataReceived,30615.63,,,1398,1398,11832.496477,
1465308014710,Network.dataReceived,30615.63,,,1398,1398,11832.496988,
1465308014710,Network.dataReceived,30615.63,,,1398,1398,11832.497089,
1465308014710,Network.dataReceived,30615.63,,,1398,1398,11832.497139,
1465308014711,Network.dataReceived,30615.63,,,1398,1398,11832.49731,
1465308014711,Network.dataReceived,30615.63,,,11184,11184,11832.497623,
1465308014730,Network.dataReceived,30615.63,,,1398,1398,11832.497912,
1465308014730,Network.dataReceived,30615.63,,,1398,1398,11832.497965,
1465308014730,Network.dataReceived,30615.63,,,1398,1398,11832.498015,
1465308014730,Network.dataReceived,30615.63,,,1398,1398,11832.49805,
1465308014730,Network.dataReceived,30615.63,,,1398,1398,11832.498076,
1465308014730,Network.dataReceived,30615.21,,,3990,3990,11832.498114,
1465308014730,Network.dataReceived,30615.21,,,1330,1330,11832.498141,
1465308014730,Network.dataReceived,30615.21,,,1330,1330,11832.49816,
1465308014730,Network.dataReceived,30615.35,,,1330,1330,11832.498185,
1465308014730,Network.dataReceived,30615.63,,,1398,1398,11832.498211,
1465308014730,Network.dataReceived,30615.63,,,1398,1398,11832.498239,
1465308014730,Network.dataReceived,30615.63,,,2796,2796,11832.498263,
1465308014730,Network.dataReceived,30615.35,,,1330,1330,11832.498287,
1465308014730,Network.dataReceived,30615.35,,,1330,1330,11832.498306,
1465308014730,Network.dataReceived,30615.63,,,1398,1398,11832.516388,
1465308014731,Network.dataReceived,30615.63,,,1398,1398,11832.516636,
1465308014731,Network.dataReceived,30615.63,,,1398,1398,11832.516689,
1465308014731,Network.dataReceived,30615.63,,,1398,1398,11832.516732,
1465308014731,Network.dataReceived,30615.63,,,1398,1398,11832.516779,
1465308014731,Network.dataReceived,30615.63,,,1398,1398,11832.517029,
1465308014731,Network.dataReceived,30615.63,,,1339,1339,11832.51708,
1465308014731,Network.loadingFinished,30615.63,,,,125761,11832.512112,
1465308014772,Network.dataReceived,30615.35,,,5314,5314,11832.558849,
1465308014773,Network.dataReceived,30615.35,,,1330,1330,11832.559299,
1465308014773,Network.dataReceived,30615.35,,,3990,3990,11832.559843,
1465308014773,Network.dataReceived,30615.35,,,1330,1330,11832.560256,
1465308014786,Network.dataReceived,30615.35,,,2660,2660,11832.572208,
1465308014786,Network.dataReceived,30615.25,,,2662,2763,11832.572699,
1465308014786,Network.dataReceived,30615.25,,,2654,2654,11832.572898,
1465308014793,Network.dataReceived,30615.25,,,1330,1330,11832.580016,
1465308014805,Network.dataReceived,30615.25,,,1330,1330,11832.591938,
1465308014805,Network.dataReceived,30615.25,,,1330,1330,11832.59204,
1465308014806,Network.dataReceived,30615.25,,,1330,1330,11832.592094,
1465308014807,Network.dataReceived,30615.25,,,1330,1330,11832.594345,
1465308014808,Network.dataReceived,30615.25,,,1330,1330,11832.594537,
1465308014808,Network.dataReceived,30615.25,,,1330,1330,11832.594803,
1465308014808,Network.dataReceived,30615.25,,,1330,1330,11832.595004,
1465308014815,Network.dataReceived,30615.25,,,1330,1330,11832.601851,
1465308014815,Network.dataReceived,30615.25,,,1330,1330,11832.601913,
1465308014826,Network.dataReceived,30615.21,,,2660,2660,11832.611987,
1465308014826,Network.dataReceived,30615.21,,,2660,2660,11832.612479,
1465308014826,Network.dataReceived,30615.21,,,1330,1330,11832.612741,
1465308014826,Network.dataReceived,30615.21,,,1324,1324,11832.612949,
1465308014827,Network.dataReceived,30615.21,,,1330,1330,11832.613462,
1465308014827,Network.dataReceived,30615.21,,,1330,1330,11832.613562,
1465308014827,Network.dataReceived,30615.21,,,1330,1330,11832.613898,
1465308014827,Network.dataReceived,30615.21,,,1330,1330,11832.614168,
1465308014827,Network.dataReceived,30615.21,,,1330,1330,11832.614212,
1465308014828,Network.dataReceived,30615.21,,,1330,1330,11832.614337,
1465308014828,Network.dataReceived,30615.21,,,1330,1330,11832.614474,
1465308014828,Network.dataReceived,30615.35,,,1330,1330,11832.614655,
1465308014835,Network.dataReceived,30615.35,,,2660,2660,11832.62202,
1465308014835,Network.dataReceived,30615.35,,,1330,1330,11832.622114,
1465308014836,Network.dataReceived,30615.35,,,1330,1330,11832.622295,
1465308014836,Network.dataReceived,30615.35,,,1330,1330,11832.622539,
1465308014836,Network.dataReceived,30615.35,,,1330,1330,11832.622749,
1465308014836,Network.dataReceived,30615.35,,,1330,1330,11832.622797,
1465308014836,Network.dataReceived,30615.35,,,1330,1330,11832.622941,
1465308014836,Network.dataReceived,30615.35,,,1330,1330,11832.623164,
1465308014837,Network.dataReceived,30615.35,,,1330,1330,11832.623377,
1465308014837,Network.dataReceived,30615.35,,,1330,1330,11832.623686,
1465308014840,Network.dataReceived,30615.35,,,1330,1330,11832.626744,
1465308014840,Network.dataReceived,30615.35,,,1330,1330,11832.627016,
1465308014841,Network.dataReceived,30615.25,,,1330,1330,11832.62717,
1465308014841,Network.dataReceived,30615.25,,,1330,1330,11832.627318,
1465308014841,Network.dataReceived,30615.25,,,2654,2654,11832.627772,
1465308014842,Network.dataReceived,30615.25,,,1330,1330,11832.628742,
1465308014843,Network.dataReceived,30615.25,,,1330,1330,11832.629646,
1465308014844,Network.dataReceived,30615.25,,,1330,1330,11832.630076,
1465308014844,Network.dataReceived,30615.25,,,1330,1330,11832.630502,
1465308014855,Network.dataReceived,30615.25,,,2660,2660,11832.642036,
1465308014855,Network.dataReceived,30615.25,,,1330,1330,11832.642171,
1465308014856,Network.dataReceived,30615.25,,,1330,1330,11832.642531,
1465308014856,Network.dataReceived,30615.25,,,1330,1330,11832.642602,
1465308014856,Network.dataReceived,30615.21,,,1330,1330,11832.643136,
1465308014856,Network.dataReceived,30615.21,,,1330,1330,11832.643276,
1465308014857,Network.dataReceived,30615.21,,,1330,1330,11832.643597,
1465308014857,Network.dataReceived,30615.21,,,1330,1330,11832.6439,
1465308014857,Network.dataReceived,30615.21,,,1330,1330,11832.643953,
1465308014857,Network.dataReceived,30615.21,,,1330,1330,11832.644031,
1465308014857,Network.dataReceived,30615.21,,,1330,1330,11832.64422,
1465308014865,Network.dataReceived,30615.21,,,1324,1324,11832.651646,
1465308014865,Network.dataReceived,30615.21,,,1330,1330,11832.651866,
1465308014865,Network.dataReceived,30615.21,,,1330,1330,11832.652025,
1465308014866,Network.dataReceived,30615.21,,,1330,1330,11832.652304,
1465308014875,Network.dataReceived,30615.21,,,1330,1330,11832.661846,
1465308014875,Network.dataReceived,30615.21,,,1330,1330,11832.661989,
1465308014875,Network.dataReceived,30615.21,,,1330,1330,11832.662046,
1465308014876,Network.dataReceived,30615.35,,,1324,1324,11832.662383,
1465308014876,Network.dataReceived,30615.35,,,2660,2660,11832.662784,
1465308014877,Network.dataReceived,30615.35,,,1330,1330,11832.663144,
1465308014877,Network.dataReceived,30615.35,,,1330,1330,11832.663225,
1465308014879,Network.dataReceived,30615.35,,,1330,1330,11832.663378,
1465308014879,Network.dataReceived,30615.35,,,3990,3990,11832.664357,
1465308014879,Network.dataReceived,30615.35,,,1329,1329,11832.664479,
1465308014885,Network.dataReceived,30615.35,,,2651,2651,11832.671875,
1465308014885,Network.dataReceived,30615.35,,,1329,1329,11832.672159,
1465308014886,Network.dataReceived,30615.25,,,1330,1330,11832.672368,
1465308014895,Network.dataReceived,30615.25,,,2660,2660,11832.681895,
1465308014895,Network.dataReceived,30615.25,,,1330,1330,11832.682189,
1465308014895,Network.dataReceived,30615.25,,,1330,1330,11832.682244,
1465308014896,Network.dataReceived,30615.25,,,1324,1324,11832.683095,
1465308014896,Network.dataReceived,30615.25,,,1330,1330,11832.683171,
1465308014897,Network.dataReceived,30615.25,,,1330,1330,11832.683454,
1465308014897,Network.dataReceived,30615.25,,,1330,1330,11832.683778,
1465308014897,Network.dataReceived,30615.25,,,1330,1330,11832.683839,
1465308014897,Network.dataReceived,30615.25,,,1330,1330,11832.684047,
1465308014905,Network.dataReceived,30615.25,,,1330,1330,11832.691895,
1465308014906,Network.dataReceived,30615.25,,,1330,1330,11832.692011,
1465308014906,Network.dataReceived,30615.21,,,1330,1330,11832.692153,
1465308014906,Network.dataReceived,30615.21,,,1330,1330,11832.692276,
1465308014915,Network.dataReceived,30615.21,,,2660,2660,11832.701997,
1465308014916,Network.dataReceived,30615.21,,,1330,1330,11832.702337,
1465308014916,Network.dataReceived,30615.21,,,1330,1330,11832.702401,
1465308014916,Network.dataReceived,30615.21,,,2660,2660,11832.702828,
1465308014916,Network.dataReceived,30615.21,,,1330,1330,11832.70314,
1465308014916,Network.dataReceived,30615.21,,,1330,1330,11832.703232,
1465308014917,Network.dataReceived,30615.21,,,1330,1330,11832.703561,
1465308014955,Network.dataReceived,30615.21,,,2651,2651,11832.741695,
1465308014956,Network.dataReceived,30615.21,,,2658,2658,11832.741993,
1465308014956,Network.dataReceived,30615.35,,,1329,1329,11832.742118,
1465308014956,Network.dataReceived,30615.35,,,3987,3987,11832.742711,
1465308014956,Network.dataReceived,30615.35,,,2658,2658,11832.742936,
1465308014956,Network.dataReceived,30615.35,,,1329,1329,11832.74322,
1465308014957,Network.dataReceived,30615.35,,,1329,1329,11832.743412,
1465308014957,Network.dataReceived,30615.35,,,1329,1329,11832.743725,
1465308014957,Network.dataReceived,30615.35,,,1329,1329,11832.743771,
1465308014957,Network.dataReceived,30615.35,,,1329,1329,11832.743874,
1465308014957,Network.dataReceived,30615.35,,,1329,1329,11832.74423,
1465308014958,Network.dataReceived,30615.35,,,1329,1329,11832.744336,
1465308014958,Network.dataReceived,30615.25,,,1330,1330,11832.744444,
1465308014958,Network.dataReceived,30615.25,,,1330,1330,11832.744707,
1465308014958,Network.dataReceived,30615.25,,,1330,1330,11832.744784,
1465308014958,Network.dataReceived,30615.25,,,1330,1330,11832.744927,
1465308014958,Network.dataReceived,30615.25,,,1330,1330,11832.745102,
1465308014959,Network.dataReceived,30615.25,,,1330,1330,11832.745348,
1465308014959,Network.dataReceived,30615.25,,,1330,1330,11832.745668,
1465308014959,Network.dataReceived,30615.25,,,1330,1330,11832.745717,
1465308014959,Network.dataReceived,30615.25,,,1330,1330,11832.745862,
1465308014959,Network.dataReceived,30615.25,,,1330,1330,11832.746184,
1465308014959,Network.dataReceived,30615.25,,,1329,1329,11832.746305,
1465308014960,Network.dataReceived,30615.25,,,1329,1329,11832.746639,
1465308014960,Network.dataReceived,30615.25,,,2651,2651,11832.746823,
1465308014960,Network.dataReceived,30615.21,,,1329,1329,11832.747098,
1465308014961,Network.dataReceived,30615.21,,,1329,1329,11832.747418,
1465308014961,Network.dataReceived,30615.21,,,1329,1329,11832.747486,
1465308014961,Network.dataReceived,30615.21,,,1329,1329,11832.747691,
1465308014961,Network.dataReceived,30615.21,,,1329,1329,11832.747804,
1465308014961,Network.dataReceived,30615.21,,,3987,3987,11832.748228,
1465308014962,Network.dataReceived,30615.21,,,1329,1329,11832.74845,
1465308014962,Network.dataReceived,30615.21,,,1329,1329,11832.748807,
1465308014962,Network.dataReceived,30615.21,,,1329,1329,11832.748861,
1465308014962,Network.dataReceived,30615.21,,,1329,1329,11832.749001,
1465308014963,Network.dataReceived,30615.21,,,1329,1329,11832.749202,
1465308014963,Network.dataReceived,30615.21,,,1329,1329,11832.749362,
1465308014963,Network.dataReceived,30615.35,,,1329,1329,11832.749581,
1465308014963,Network.dataReceived,30615.35,,,1329,1329,11832.749658,
1465308014963,Network.dataReceived,30615.35,,,1329,1329,11832.749864,
1465308014963,Network.dataReceived,30615.35,,,2658,2658,11832.750148,
1465308014964,Network.dataReceived,30615.35,,,1329,1329,11832.750447,
1465308014964,Network.dataReceived,30615.35,,,1329,1329,11832.750498,
1465308014964,Network.dataReceived,30615.35,,,1329,1329,11832.75061,
1465308014964,Network.dataReceived,30615.35,,,507,507,11832.750762,
1465308014973,Network.loadingFinished,30615.35,,,,100178,11832.750742,
1465308014973,Network.dataReceived,30615.25,,,3466,3466,11832.755021,
1465308014973,Network.dataReceived,30615.25,,,1329,1329,11832.755117,
1465308014977,Network.dataReceived,30615.25,,,1329,1329,11832.755174,
1465308014977,Network.dataReceived,30615.25,,,1329,1329,11832.755579,
1465308014977,Network.dataReceived,30615.25,,,1329,1329,11832.755663,
1465308014977,Network.dataReceived,30615.25,,,1329,1329,11832.755807,
1465308014977,Network.dataReceived,30615.25,,,1329,1329,11832.755933,
1465308014977,Network.dataReceived,30615.25,,,1329,1329,11832.756117,
1465308014977,Network.dataReceived,30615.25,,,1329,1329,11832.756217,
1465308014977,Network.dataReceived,30615.25,,,1329,1329,11832.756284,
1465308014977,Network.dataReceived,30615.25,,,1329,1329,11832.756373,
1465308014977,Network.dataReceived,30615.21,,,1329,1329,11832.756424,
1465308014978,Network.dataReceived,30615.21,,,1329,1329,11832.756493,
1465308014978,Network.dataReceived,30615.21,,,1329,1329,11832.756551,
1465308014978,Network.dataReceived,30615.21,,,50,50,11832.756617,
1465308014978,Network.loadingFinished,30615.21,,,,94725,11832.754728,
1465308014978,Network.dataReceived,30615.25,,,1265,1265,11832.762592,
1465308015004,Network.dataReceived,30615.25,,,5166,5166,11832.78853,
1465308015010,Network.loadingFinished,30615.25,,,,95081,11832.755364,
1465308015010,Network.dataReceived,30615.54,,,3382,1784,11832.79698,
1465308015012,Network.loadingFinished,30615.54,,,,1784,11832.756561,
1465308015012,Network.dataReceived,30615.53,,,2737,1493,11832.799047,
1465308015014,Network.loadingFinished,30615.53,,,,1493,11832.757361,
1465308015014,Network.dataReceived,30615.60,,,464,575,11832.800611,
1465308015015,Network.loadingFinished,30615.60,,,,575,11832.75755,
1465308015015,Network.dataReceived,30615.56,,,1112,707,11832.801631,
1465308015020,Network.loadingFinished,30615.56,,,,707,11832.757758,
1465308015020,Network.dataReceived,30615.52,,,2063,1233,11832.802718,
1465308015020,Network.loadingFinished,30615.52,,,,1233,11832.757966,
1465308015020,Network.dataReceived,30615.58,,,4200,1984,11832.803582,
1465308015020,Network.loadingFinished,30615.58,,,,1984,11832.758192,
1465308015020,Network.dataReceived,30615.59,,,1031,698,11832.804854,
1465308015021,Network.loadingFinished,30615.59,,,,698,11832.758451,
1465308015021,Network.dataReceived,30615.57,,,3347,1712,11832.806588,
1465308015021,Network.loadingFinished,30615.57,,,,1712,11832.758655,
1465308015021,Network.dataReceived,30615.55,,,2706,1447,11832.807641,
1465308015022,Network.loadingFinished,30615.55,,,,1447,11832.758854,
1465308015022,Network.dataReceived,30615.51,,,1860,1051,11832.808534,
1465308015041,Network.loadingFinished,30615.51,,,,1051,11832.759037,
1465308015041,Page.loadEventFired,,,,,,11832.809504,
